+46700721487
+46701595619
+46702088250
+46702260450
+46702292043
+46702523425
+46702653238
+46702757772
+46703036727
+46703323042
+46703413903
+46703504493
+46703557461
+46703726848
+46703859008
+46703924735
+46704068082
+46704153336
+46704200337
+46704697574
+46704730458
+46704807978
+46704987986
+46705286951
+46705292768
+46705347406
+46705553502
+46705584184
+46705640636
+46705657347
+46705706389
+46705814341
+46705869367
+46706054217
+46706128275
+46706169545
+46706215858
+46706348962
+46706366893
+46706396953
+46706557599
+46706599000
+46706662691
+46706700787
+46706818473
+46706848255
+46706928402
+46707203733
+46707660424
+46707697314
+46707715275
+46707751426
+46707782889
+46707858701
+46708354526
+46708384091
+46708399744
+46708448953
+46708641504
+46708779891
+46709406806
+46709800663
+46709982335
+46720101226
+46722168379
+46727386382
+46730230916
+46730350808
+46730371666
+46730414778
+46730415503
+46730505810
+46730599979
+46730657982
+46730911693
+46731418002
+46731819280
+46733161522
+46733165145
+46733985741
+46735029778
+46735391506
+46735422267
+46735510388
+46735875599
+46735951533
+46736334342
+46736710830
+46736774576
+46736935840
+46736953120
+46737322378
+46737360991
+46737769782
+46737791208
+46738012644
+46738048689
+46738167287
+46738262204
+46738356535
+46738761379
+46739251085
+46739258019
+46739378350
+46739467285
+46739594351
+46739650985
+46739655047
+46739759993
+46739783835
+46739929289
+46739997784
+46760288838
+46760439813
+46760509929
+46761041521
+46761274511
+46761710292
+46762076603
+46762116057
+46762524375
+46762989755
+46763406733
+46763699226
+46764197991
+46765824928
+46768007033
+46768042808
+46768085677
+46768120042
+46768149324
+46768260330
+46768487358
+46768530072
+46768936924
